680.10	592.74
680.13	525.00
680.17	532.68
680.20	544.47
680.23	579.37
680.26	580.84
680.30	573.42
680.33	575.63
680.36	585.37
680.39	590.26
680.43	576.79
680.46	580.21
680.49	582.68
680.52	588.11
680.56	583.95
680.59	584.74
680.62	582.58
680.65	599.26
680.69	606.37
680.72	597.05
680.75	599.53
680.78	606.84
680.82	607.16
680.85	603.32
680.88	610.32
680.91	602.42
680.95	605.32
680.98	610.63
681.01	601.37
681.04	611.26
681.08	604.26
681.11	597.74
681.14	619.00
681.17	603.79
681.21	599.11
681.24	611.16
681.27	615.47
681.30	600.16
681.34	609.74
681.37	606.79
681.40	603.42
681.43	615.95
681.47	609.79
681.50	600.21
681.53	604.26
681.56	614.63
681.59	614.53
681.63	612.32
681.66	594.95
681.69	602.37
681.72	604.47
681.76	603.42
681.79	604.21
681.82	598.89
681.85	603.21
681.89	611.95
681.92	607.89
681.95	609.16
681.98	610.47
682.02	605.63
682.05	609.63
682.08	606.53
682.11	602.21
682.14	594.16
682.18	608.00
682.21	605.68
682.24	604.79
682.27	606.74
682.31	606.00
682.34	599.21
682.37	616.63
682.40	605.32
682.44	615.42
682.47	615.89
682.50	611.21
682.53	612.11
682.57	612.26
682.60	616.63
682.63	605.42
682.66	618.79
682.69	608.53
682.73	618.74
682.76	614.89
682.79	620.79
682.82	617.21
682.86	608.68
682.89	613.26
682.92	601.00
682.95	608.95
682.98	610.58
683.02	603.53
683.05	615.58
683.08	613.89
683.11	612.16
683.15	612.63
683.18	608.11
683.21	611.79
683.24	608.89
683.28	603.68
683.31	612.05
683.34	614.16
683.37	612.42
683.40	621.21
683.44	612.79
683.47	605.53
683.50	605.79
683.53	612.95
683.57	617.95
683.60	614.26
683.63	605.11
683.66	622.05
683.69	605.84
683.73	610.84
683.76	600.00
683.79	604.42
683.82	605.89
683.85	602.95
683.89	607.05
683.92	604.42
683.95	599.74
683.98	611.37
684.02	612.47
684.05	609.74
684.08	614.11
684.11	610.05
684.14	600.32
684.18	613.79
684.21	619.68
684.24	614.79
684.27	612.05
684.31	614.84
684.34	604.11
684.37	598.21
684.40	610.89
684.43	608.47
684.47	623.11
684.50	621.63
684.53	611.53
684.56	607.16
684.59	597.84
684.63	603.89
684.66	616.53
684.69	604.32
684.72	608.42
684.76	604.26
684.79	602.95
684.82	596.53
684.85	604.11
684.88	619.89
684.92	600.89
684.95	612.37
684.98	606.84
685.01	612.21
685.04	616.84
685.08	605.68
685.11	611.84
685.14	610.74
685.17	617.47
685.20	608.53
685.24	603.00
685.27	607.47
685.30	612.42
685.33	606.05
685.37	609.05
685.40	606.16
685.43	615.53
685.46	619.84
685.49	613.89
685.53	613.21
685.56	604.11
685.59	605.47
685.62	609.63
685.65	611.79
685.69	613.53
685.72	604.37
685.75	609.84
685.78	601.32
685.81	610.42
685.85	612.79
685.88	610.11
685.91	610.26
685.94	604.37
685.97	606.21
686.01	607.05
686.04	609.16
686.07	614.21
686.10	610.47
686.13	618.74
686.17	614.89
686.20	613.63
686.23	608.84
686.26	615.68
686.29	603.63
686.33	609.89
686.36	613.84
686.39	605.53
686.42	615.21
686.45	616.68
686.49	619.89
686.52	610.16
686.55	622.42
686.58	607.53
686.61	610.21
686.65	607.68
686.68	606.84
686.71	612.79
686.74	611.53
686.77	601.16
686.81	617.11
686.84	616.79
686.87	610.68
686.90	609.26
686.93	616.79
686.97	613.42
687.00	604.32
687.03	606.79
687.06	618.26
687.09	606.00
687.12	605.95
687.16	609.11
687.19	610.74
687.22	605.68
687.25	600.47
687.28	605.21
687.32	610.58
687.35	621.26
687.38	617.42
687.41	609.32
687.44	614.37
687.48	620.63
687.51	618.42
687.54	615.58
687.57	602.79
687.60	610.05
687.63	618.95
687.67	622.89
687.70	609.11
687.73	615.68
687.76	612.00
687.79	622.47
687.83	615.79
687.86	611.95
687.89	613.42
687.92	610.79
687.95	623.32
687.99	617.95
688.02	615.53
688.05	615.53
688.08	623.00
688.11	614.53
688.14	611.26
688.18	605.26
688.21	609.16
688.24	616.95
688.27	607.79
688.30	612.68
688.34	618.89
688.37	614.32
688.40	608.47
688.43	614.89
688.46	625.00
688.49	624.79
688.53	610.89
688.56	621.79
688.59	622.68
688.62	614.84
688.65	619.84
688.69	625.47
688.72	629.84
688.75	622.42
688.78	616.84
688.81	617.11
688.84	629.53
688.88	618.05
688.91	620.05
688.94	629.21
688.97	626.11
689.00	623.84
689.03	621.53
689.07	620.05
689.10	618.89
689.13	617.16
689.16	629.95
689.19	623.21
689.23	621.74
689.26	630.05
689.29	628.68
689.32	623.74
689.35	625.79
689.38	629.00
689.42	622.37
689.45	627.89
689.48	628.95
689.51	631.53
689.54	632.47
689.57	628.21
689.61	629.11
689.64	636.05
689.67	634.95
689.70	626.11
689.73	623.58
689.76	621.21
689.80	628.95
689.83	628.84
689.86	621.11
689.89	629.95
689.92	626.05
689.95	626.00
689.99	622.89
690.02	636.11
690.05	622.63
690.08	626.42
690.11	621.21
690.14	632.68
690.18	625.68
690.21	625.79
690.24	624.47
690.27	627.47
690.30	631.26
690.33	645.68
690.37	638.47
690.40	635.95
690.43	633.21
690.46	638.74
690.49	646.63
690.52	648.00
690.56	639.58
690.59	644.84
690.62	646.63
690.65	649.84
690.68	648.26
690.71	656.53
690.75	660.84
690.78	655.58
690.81	649.37
690.84	644.63
690.87	656.37
690.90	665.05
690.94	662.47
690.97	658.53
691.00	660.47
691.03	649.58
691.06	653.11
691.09	652.63
691.12	654.74
691.16	645.05
691.19	658.79
691.22	658.00
691.25	670.42
691.28	669.63
691.31	678.37
691.35	681.68
691.38	690.89
691.41	704.79
691.44	689.42
691.47	687.79
691.50	691.42
691.54	696.00
691.57	696.79
691.60	708.21
691.63	699.79
691.66	705.47
691.69	701.37
691.72	714.21
691.76	716.00
691.79	711.89
691.82	732.63
691.85	731.68
691.88	733.79
691.91	730.84
691.94	742.11
691.98	754.58
692.01	754.89
692.04	779.26
692.07	768.00
692.10	769.42
692.13	764.16
692.17	779.42
692.20	789.37
692.23	795.63
692.26	815.32
692.29	826.42
692.32	829.95
692.35	845.11
692.39	864.00
692.42	884.26
692.45	912.63
692.48	948.26
692.51	968.21
692.54	1001.37
692.57	1049.26
692.61	1095.42
692.64	1139.37
692.67	1177.53
692.70	1226.68
692.73	1272.37
692.76	1345.89
692.79	1407.11
692.83	1483.95
692.86	1577.21
692.89	1690.53
692.92	1797.05
692.95	1945.42
692.98	2121.79
693.01	2303.68
693.05	2525.21
693.08	2772.79
693.11	3067.79
693.14	3397.42
693.17	3743.37
693.20	4101.95
693.23	4443.84
693.27	4841.32
693.30	5180.26
693.33	5487.05
693.36	5702.79
693.39	5712.37
693.42	5609.84
693.45	5340.47
693.49	4983.68
693.52	4607.79
693.55	4257.16
693.58	3926.89
693.61	3649.68
693.64	3364.63
693.67	3117.53
693.70	2939.74
693.74	2770.74
693.77	2654.68
693.80	2524.11
693.83	2411.16
693.86	2337.68
693.89	2254.53
693.92	2199.32
693.96	2181.26
693.99	2152.89
694.02	2160.32
694.05	2196.32
694.08	2231.42
694.11	2275.58
694.14	2323.89
694.17	2375.47
694.21	2444.63
694.24	2550.84
694.27	2687.58
694.30	2834.00
694.33	2980.63
694.36	3181.95
694.39	3435.89
694.43	3713.58
694.46	4091.74
694.49	4489.00
694.52	4942.63
694.55	5427.21
694.58	6002.84
694.61	6581.63
694.64	7106.63
694.68	7621.74
694.71	8107.89
694.74	8546.32
694.77	8842.84
694.80	8970.42
694.83	8960.32
694.86	8690.00
694.89	8320.11
694.93	7902.63
694.96	7472.79
694.99	6968.21
695.02	6529.79
695.05	6046.37
695.08	5657.79
695.11	5242.32
695.14	4835.63
695.18	4405.95
695.21	4026.42
695.24	3688.95
695.27	3402.00
695.30	3160.47
695.33	2964.42
695.36	2754.63
695.39	2562.68
695.42	2376.37
695.46	2233.16
695.49	2119.32
695.52	2009.11
695.55	1910.05
695.58	1822.26
695.61	1759.11
695.64	1691.47
695.67	1632.21
695.71	1576.16
695.74	1532.47
695.77	1483.05
695.80	1443.11
695.83	1389.79
695.86	1351.16
695.89	1319.63
695.92	1265.84
695.95	1260.37
695.99	1235.84
696.02	1201.47
696.05	1200.11
696.08	1188.58
696.11	1167.79
696.14	1143.42
696.17	1120.47
696.20	1103.21
696.24	1085.16
696.27	1080.58
696.30	1051.53
696.33	1037.79
696.36	1000.95
696.39	986.00
696.42	977.47
696.45	984.68
696.48	968.68
696.52	962.11
696.55	950.05
696.58	947.68
696.61	932.84
696.64	922.58
696.67	923.68
696.70	915.79
696.73	915.84
696.76	909.00
696.79	896.84
696.83	893.53
696.86	870.16
696.89	877.16
696.92	865.47
696.95	861.42
696.98	853.68
697.01	848.89
697.04	857.42
697.07	856.58
697.11	844.47
697.14	837.74
697.17	847.47
697.20	845.63
697.23	836.26
697.26	821.26
697.29	818.16
697.32	818.26
697.35	811.84
697.38	805.53
697.42	794.16
697.45	797.53
697.48	788.63
697.51	795.05
697.54	788.32
697.57	778.63
697.60	783.21
697.63	781.74
697.66	773.32
697.70	775.84
697.73	786.79
697.76	772.63
697.79	774.26
697.82	767.47
697.85	764.74
697.88	763.37
697.91	757.74
697.94	772.47
697.97	764.21
698.00	760.00
698.04	766.47
698.07	761.68
698.10	754.42
698.13	758.95
698.16	771.37
698.19	747.95
698.22	756.84
698.25	765.05
698.28	752.79
698.31	741.37
698.35	742.21
698.38	741.79
698.41	739.11
698.44	730.42
698.47	741.00
698.50	725.42
698.53	725.11
698.56	723.16
698.59	725.58
698.62	727.79
698.65	720.26
698.69	724.79
698.72	719.47
698.75	724.84
698.78	728.89
698.81	731.47
698.84	722.53
698.87	726.47
698.90	720.84
698.93	726.53
698.96	732.37
698.99	727.53
699.03	731.21
699.06	727.63
699.09	728.00
699.12	713.68
699.15	720.74
699.18	725.05
699.21	733.21
699.24	730.16
699.27	729.21
699.30	723.26
699.33	719.26
699.36	720.68
699.40	715.00
699.43	719.47
699.46	718.16
699.49	715.95
699.52	723.11
699.55	717.74
699.58	717.32
699.61	703.89
699.64	702.63
699.67	706.47
699.70	703.68
699.73	703.21
699.77	699.47
699.80	717.89
699.83	696.21
699.86	704.58
699.89	699.16
699.92	709.84
699.95	695.63
699.98	710.95
700.01	700.63
700.04	711.74
700.07	712.74
700.10	720.21
700.14	715.37
700.17	715.16
700.20	715.47
700.23	719.58
700.26	720.63
700.29	724.16
700.32	712.37
700.35	707.37
700.38	712.84
700.41	716.00
700.44	722.68
700.47	716.68
700.50	718.89
700.54	727.21
700.57	705.79
700.60	710.11
700.63	704.53
700.66	702.58
700.69	705.84
700.72	701.42
700.75	701.47
700.78	710.79
700.81	703.37
700.84	695.95
700.87	692.26
700.90	690.89
700.93	702.16
700.97	696.16
701.00	694.26
701.03	698.79
701.06	708.05
701.09	693.84
701.12	693.00
701.15	697.53
701.18	697.26
701.21	697.68
701.24	705.47
701.27	696.26
701.30	696.16
701.33	705.79
701.36	696.79
701.39	712.21
701.43	700.79
701.46	707.00
701.49	695.89
701.52	715.68
701.55	702.26
701.58	702.16
701.61	706.00
701.64	707.47
701.67	708.16
701.70	702.95
701.73	708.00
701.76	710.26
701.79	707.21
701.82	701.58
701.85	712.11
701.89	711.63
701.92	719.58
701.95	713.37
701.98	715.58
702.01	725.89
702.04	714.11
702.07	726.79
702.10	731.89
702.13	735.68
702.16	730.37
702.19	733.32
702.22	733.89
702.25	726.16
702.28	736.58
702.31	733.84
702.34	719.26
702.37	728.21
702.41	725.32
702.44	727.26
702.47	730.21
702.50	727.95
702.53	722.53
702.56	734.00
702.59	730.37
702.62	730.37
702.65	725.16
702.68	723.68
702.71	734.37
702.74	725.11
702.77	732.89
702.80	727.84
702.83	723.11
702.86	725.74
702.89	725.11
702.92	737.53
702.96	725.16
702.99	718.16
703.02	721.79
703.05	733.89
703.08	730.11
703.11	723.84
703.14	724.21
703.17	729.95
703.20	740.05
703.23	741.47
703.26	736.68
703.29	741.37
703.32	748.79
703.35	752.11
703.38	736.89
703.41	735.63
703.44	730.79
703.47	743.11
703.50	744.89
703.53	750.68
703.56	749.63
703.60	748.21
703.63	741.47
703.66	738.00
703.69	743.95
703.72	754.05
703.75	745.42
703.78	758.00
703.81	756.26
703.84	760.37
703.87	754.37
703.90	763.89
703.93	765.32
703.96	772.63
703.99	774.68
704.02	780.00
704.05	772.37
704.08	781.79
704.11	782.37
704.14	781.84
704.17	783.00
704.20	783.26
704.23	791.79
704.26	784.21
704.30	782.26
704.33	794.63
704.36	807.11
704.39	795.00
704.42	795.32
704.45	793.84
704.48	802.21
704.51	792.16
704.54	787.58
704.57	789.05
704.60	788.79
704.63	794.95
704.66	798.32
704.69	801.05
704.72	809.74
704.75	807.21
704.78	807.47
704.81	808.00
704.84	812.68
704.87	818.79
704.90	816.79
704.93	832.21
704.96	815.21
704.99	811.79
705.02	827.58
705.05	821.53
705.08	823.79
705.12	831.42
705.15	836.37
705.18	870.32
705.21	838.53
705.24	836.89
705.27	833.37
705.30	834.32
705.33	835.89
705.36	833.47
705.39	839.58
705.42	859.95
705.45	856.95
705.48	855.37
705.51	854.84
705.54	857.84
705.57	863.79
705.60	867.05
705.63	858.95
705.66	866.00
705.69	864.16
705.72	859.58
705.75	857.84
705.78	872.53
705.81	869.47
705.84	876.79
705.87	873.95
705.90	872.95
705.93	874.05
705.96	893.47
705.99	894.79
706.02	893.26
706.05	887.68
706.08	890.16
706.11	899.00
706.14	893.58
706.17	904.42
706.20	917.63
706.24	914.58
706.27	897.84
706.30	905.11
706.33	900.63
706.36	916.21
706.39	918.26
706.42	918.16
706.45	913.95
706.48	900.42
706.51	903.32
706.54	912.37
706.57	912.32
706.60	914.11
706.63	900.21
706.66	902.26
706.69	914.79
706.72	909.37
706.75	902.42
706.78	897.26
706.81	904.74
706.84	905.53
706.87	896.79
706.90	894.00
706.93	899.16
706.96	906.63
706.99	908.11
707.02	917.11
707.05	931.42
707.08	931.42
707.11	934.37
707.14	931.74
707.17	943.58
707.20	942.89
707.23	934.74
707.26	933.21
707.29	954.37
707.32	931.42
707.35	934.32
707.38	924.53
707.41	938.79
707.44	927.84
707.47	925.84
707.50	929.58
707.53	935.00
707.56	948.37
707.59	944.11
707.62	945.32
707.65	955.11
707.68	950.74
707.71	951.32
707.74	964.68
707.77	964.00
707.80	975.79
707.83	982.21
707.86	978.32
707.89	995.05
707.92	983.47
707.95	996.05
707.98	993.16
708.01	996.32
708.04	1004.32
708.07	1001.05
708.10	1001.47
708.13	1017.16
708.16	1022.79
708.19	998.95
708.22	998.42
708.25	1002.68
708.28	986.84
708.31	991.42
708.34	996.79
708.37	996.89
708.40	999.21
708.43	994.16
708.46	987.42
708.49	992.32
708.52	1004.74
708.55	998.26
708.58	988.21
708.61	984.53
708.64	997.00
708.67	999.58
708.70	976.47
708.73	984.32
708.76	977.26
708.79	977.53
708.82	963.21
708.85	959.63
708.88	955.05
708.91	950.53
708.94	940.79
708.97	949.89
709.00	944.42
709.03	951.84
709.06	944.37
709.09	954.26
709.12	949.95
709.15	946.11
709.18	936.11
709.21	933.79
709.24	929.16
709.27	924.21
709.30	918.16
709.33	921.68
709.36	914.00
709.39	912.79
709.42	908.37
709.45	910.05
709.48	912.68
709.51	909.74
709.54	913.84
709.57	907.16
709.60	899.32
709.63	914.95
709.66	903.89
709.69	913.79
709.72	907.00
709.75	915.21
709.78	921.11
709.81	912.84
709.84	909.63
709.87	919.79
709.90	902.68
709.93	912.26
709.96	907.74
709.99	911.79
710.02	904.32
710.05	898.84
710.08	890.74
710.11	898.37
710.14	897.11
710.17	876.58
710.20	880.89
710.23	875.42
710.26	875.58
710.29	882.63
710.32	879.53
710.35	876.32
710.38	876.42
710.41	865.74
710.44	872.53
710.47	857.68
710.50	875.26
710.53	858.05
710.56	848.89
710.59	853.47
710.62	844.74
710.65	859.05
710.68	859.21
710.71	855.95
710.74	854.16
710.77	846.05
710.80	855.42
710.83	859.68
710.86	852.84
710.89	855.47
710.91	853.11
710.94	864.37
710.97	874.16
711.00	864.16
711.03	856.89
711.06	872.32
711.09	874.95
711.12	889.63
711.15	880.63
711.18	883.47
711.21	891.74
711.24	891.26
711.27	881.47
711.30	881.63
711.33	897.74
711.36	905.42
711.39	902.95
711.42	890.68
711.45	888.53
711.48	890.63
711.51	883.58
711.54	886.68
711.57	895.42
711.60	889.21
711.63	886.79
711.66	898.42
711.69	889.42
711.72	905.58
711.75	893.16
711.78	902.42
711.81	894.84
711.84	904.42
711.87	900.68
711.90	926.00
711.93	926.84
711.96	924.00
711.99	924.26
712.01	926.58
712.04	952.05
712.07	945.32
712.10	951.53
712.13	958.63
712.16	985.74
712.19	975.16
712.22	984.37
712.25	985.42
712.28	982.68
712.31	1006.63
712.34	1010.58
712.37	1014.79
712.40	1007.26
712.43	1004.26
712.46	998.79
712.49	1007.26
712.52	995.95
712.55	996.79
712.58	1010.63
712.61	1016.74
712.64	1017.79
712.67	1016.53
712.70	1020.26
712.73	1039.37
712.76	1030.74
712.79	1042.79
712.81	1053.95
712.84	1052.32
712.87	1056.53
712.90	1057.00
712.93	1065.05
712.96	1081.05
712.99	1086.68
713.02	1103.37
713.05	1101.89
713.08	1106.42
713.11	1109.58
713.14	1106.68
713.17	1108.58
713.20	1119.00
713.23	1112.42
713.26	1118.68
713.29	1120.00
713.32	1131.95
713.35	1139.53
713.38	1153.16
713.41	1153.95
713.44	1172.53
713.47	1165.16
713.49	1160.11
713.52	1168.89
713.55	1165.95
713.58	1163.11
713.61	1167.11
713.64	1167.21
713.67	1162.95
713.70	1164.79
713.73	1163.89
713.76	1157.79
713.79	1170.68
713.82	1176.63
713.85	1185.00
713.88	1183.95
713.91	1183.79
713.94	1190.16
713.97	1185.11
714.00	1191.11
714.03	1216.00
714.06	1225.63
714.08	1225.79
714.11	1224.84
714.14	1216.74
714.17	1217.42
714.20	1202.53
714.23	1204.26
714.26	1211.47
714.29	1195.42
714.32	1203.00
714.35	1189.00
714.38	1195.32
714.41	1192.95
714.44	1179.00
714.47	1175.42
714.50	1180.42
714.53	1185.37
714.56	1183.95
714.59	1190.53
714.61	1199.21
714.64	1192.32
714.67	1212.11
714.70	1205.37
714.73	1200.84
714.76	1203.32
714.79	1210.42
714.82	1201.05
714.85	1200.74
714.88	1190.37
714.91	1186.58
714.94	1182.00
714.97	1185.95
715.00	1177.68
715.03	1188.79
715.06	1172.37
715.09	1169.74
715.11	1164.63
715.14	1177.11
715.17	1177.79
715.20	1181.37
715.23	1174.21
715.26	1199.74
715.29	1193.63
715.32	1202.16
715.35	1196.63
715.38	1200.16
715.41	1212.58
715.44	1208.63
715.47	1212.21
715.50	1209.00
715.53	1209.95
715.55	1217.53
715.58	1228.42
715.61	1223.74
715.64	1219.79
715.67	1219.89
715.70	1215.68
715.73	1218.32
715.76	1224.58
715.79	1226.42
715.82	1224.11
715.85	1224.79
715.88	1212.21
715.91	1205.47
715.94	1227.68
715.97	1230.79
715.99	1221.68
716.02	1207.42
716.05	1206.74
716.08	1192.11
716.11	1196.42
716.14	1196.05
716.17	1196.00
716.20	1193.79
716.23	1194.79
716.26	1188.05
716.29	1180.37
716.32	1196.89
716.35	1174.95
716.37	1173.89
716.40	1164.95
716.43	1155.79
716.46	1146.32
716.49	1151.21
716.52	1138.11
716.55	1142.47
716.58	1133.42
716.61	1136.58
716.64	1123.95
716.67	1118.53
716.70	1116.00
716.73	1114.05
716.75	1093.21
716.78	1103.00
716.81	1093.42
716.84	1089.84
716.87	1088.11
716.90	1086.16
716.93	1079.32
716.96	1079.89
716.99	1087.16
717.02	1086.42
717.05	1092.42
717.08	1074.89
717.11	1091.47
717.13	1088.37
717.16	1088.63
717.19	1083.79
717.22	1089.42
717.25	1086.68
717.28	1094.68
717.31	1088.74
717.34	1090.37
717.37	1097.05
717.40	1095.63
717.43	1092.05
717.46	1081.68
717.48	1081.37
717.51	1088.11
717.54	1081.63
717.57	1097.16
717.60	1082.42
717.63	1089.84
717.66	1080.37
717.69	1080.84
717.72	1078.26
717.75	1071.84
717.78	1065.74
717.80	1065.32
717.83	1070.58
717.86	1055.53
717.89	1056.68
717.92	1043.05
717.95	1045.37
717.98	1045.21
718.01	1033.63
718.04	1038.89
718.07	1032.79
718.10	1025.58
718.12	1034.58
718.15	1023.63
718.18	1012.84
718.21	1009.47
718.24	1010.79
718.27	1006.74
718.30	993.11
718.33	990.16
718.36	997.16
718.39	1000.74
718.42	993.79
718.44	983.58
718.47	988.00
718.50	983.68
718.53	987.00
718.56	976.11
718.59	977.58
718.62	988.32
718.65	992.11
718.68	991.32
718.71	994.89
718.73	994.95
718.76	997.11
718.79	989.58
718.82	986.05
718.85	986.47
718.88	988.47
718.91	987.74
718.94	983.84
718.97	996.21
719.00	997.21
719.02	990.89
719.05	984.53
719.08	983.47
719.11	987.11
719.14	977.42
719.17	983.00
719.20	986.42
719.23	993.58
719.26	991.26
719.29	994.16
719.31	1002.16
719.34	1005.79
719.37	1004.63
719.40	1014.74
719.43	1002.47
719.46	1008.37
719.49	1014.21
719.52	1013.89
719.55	1009.42
719.57	1002.89
719.60	1001.05
719.63	1002.89
719.66	993.84
719.69	996.74
719.72	986.00
719.75	982.58
719.78	973.79
719.81	983.11
719.84	968.42
719.86	970.74
719.89	975.16
719.92	957.84
719.95	958.84
719.98	975.53
720.01	958.74
720.04	963.05
720.07	948.89
720.10	944.89
720.12	941.58
720.15	945.79
720.18	934.89
720.21	939.47
720.24	936.79
720.27	939.79
720.30	946.63
720.33	934.32
720.35	930.47
720.38	940.26
720.41	936.37
720.44	938.05
720.47	932.32
720.50	931.42
720.53	934.68
720.56	941.68
720.59	936.79
720.61	948.63
720.64	940.37
720.67	954.11
720.70	954.11
720.73	949.53
720.76	944.53
720.79	934.95
720.82	932.42
720.84	944.00
720.87	937.42
720.90	939.00
720.93	942.00
720.96	942.32
720.99	942.95
721.02	948.89
721.05	939.53
721.08	939.21
721.10	937.47
721.13	929.84
721.16	927.63
721.19	922.84
721.22	929.74
721.25	931.16
721.28	912.89
721.31	920.00
721.33	914.37
721.36	915.68
721.39	909.68
721.42	910.05
721.45	912.42
721.48	915.63
721.51	904.79
721.54	908.58
721.56	900.74
721.59	897.58
721.62	892.05
721.65	895.58
721.68	886.68
721.71	904.42
721.74	900.05
721.77	892.32
721.79	884.53
721.82	879.37
721.85	876.68
721.88	874.42
721.91	874.16
721.94	875.37
721.97	871.95
721.99	881.32
722.02	877.00
722.05	874.42
722.08	880.58
722.11	871.63
722.14	855.37
722.17	857.53
722.20	853.37
722.22	864.00
722.25	859.84
722.28	851.26
722.31	854.53
722.34	853.16
722.37	851.84
722.40	864.58
722.42	852.32
722.45	851.63
722.48	859.84
722.51	861.84
722.54	863.11
722.57	853.00
722.60	852.42
722.63	853.95
722.65	856.32
722.68	856.42
722.71	856.47
722.74	847.68
722.77	838.47
722.80	844.16
722.83	851.11
722.85	845.79
722.88	844.68
722.91	835.79
722.94	837.47
722.97	845.11
723.00	842.26
723.03	839.05
723.05	823.53
723.08	833.79
723.11	829.37
723.14	842.21
723.17	830.16
723.20	824.79
723.23	830.58
723.25	825.37
723.28	809.53
723.31	807.95
723.34	805.21
723.37	794.47
723.40	790.42
723.43	803.26
723.45	801.16
723.48	797.05
723.51	801.42
723.54	791.26
723.57	791.16
723.60	793.89
723.63	811.84
723.65	794.32
723.68	786.32
723.71	791.95
723.74	786.42
723.77	796.47
723.80	784.63
723.82	786.53
723.85	787.79
723.88	787.21
723.91	794.79
723.94	795.37
723.97	791.68
724.00	796.53
724.02	786.21
724.05	806.74
724.08	798.68
724.11	801.42
724.14	799.21
724.17	799.42
724.20	793.95
724.22	790.05
724.25	785.53
724.28	796.79
724.31	793.05
724.34	787.05
724.37	798.53
724.39	793.79
724.42	793.84
724.45	791.68
724.48	791.95
724.51	792.32
724.54	797.16
724.56	797.47
724.59	792.58
724.62	789.16
724.65	789.42
724.68	789.32
724.71	788.16
724.74	792.42
724.76	797.68
724.79	795.95
724.82	790.84
724.85	782.74
724.88	787.05
724.91	793.37
724.93	783.05
724.96	787.47
724.99	802.89
725.02	793.32
725.05	785.37
725.08	794.32
725.10	787.95
725.13	785.89
725.16	784.37
725.19	784.63
725.22	781.89
725.25	781.05
725.27	785.95
725.30	780.63
725.33	776.26
725.36	783.37
725.39	771.58
725.42	769.42
725.44	778.89
725.47	773.42
725.50	764.79
725.53	775.84
725.56	771.37
725.59	769.11
725.61	770.21
725.64	763.89
725.67	770.05
725.70	769.89
725.73	767.37
725.76	766.53
725.78	781.16
725.81	770.47
725.84	769.58
725.87	775.16
725.90	762.58
725.93	779.53
725.95	774.53
725.98	774.53
726.01	773.74
726.04	778.84
726.07	765.16
726.10	773.37
726.12	779.21
726.15	783.79
726.18	783.05
726.21	779.53
726.24	783.32
726.27	784.26
726.29	787.79
726.32	790.42
726.35	783.89
726.38	780.16
726.41	779.00
726.43	776.58
726.46	783.00
726.49	784.68
726.52	782.68
726.55	776.11
726.58	771.11
726.60	779.74
726.63	772.32
726.66	765.79
726.69	770.32
726.72	776.21
726.74	766.47
726.77	766.95
726.80	766.47
726.83	789.58
726.86	778.11
726.89	771.11
726.91	770.47
726.94	775.74
726.97	772.74
727.00	784.26
727.03	773.32
727.05	791.68
727.08	782.37
727.11	783.89
727.14	780.11
727.17	789.47
727.20	782.37
727.22	780.63
727.25	796.74
727.28	793.05
727.31	783.00
727.34	790.79
727.36	782.21
727.39	787.68
727.42	796.11
727.45	787.00
727.48	788.63
727.51	785.00
727.53	787.47
727.56	794.42
727.59	788.89
727.62	795.37
727.65	791.05
727.67	794.16
727.70	804.00
727.73	802.16
727.76	790.11
727.79	794.95
727.81	790.58
727.84	784.53
727.87	779.16
727.90	784.89
727.93	781.00
727.95	785.21
727.98	776.58
728.01	785.21
728.04	773.37
728.07	776.05
728.10	774.32
728.12	776.63
728.15	763.79
728.18	779.53
728.21	786.32
728.24	776.00
728.26	778.95
728.29	773.05
728.32	762.11
728.35	767.68
728.38	760.42
728.40	765.47
728.43	756.63
728.46	762.74
728.49	751.79
728.52	753.58
728.54	758.63
728.57	749.53
728.60	749.26
728.63	754.32
728.66	753.89
728.68	754.53
728.71	748.74
728.74	750.32
728.77	746.37
728.80	759.74
728.82	747.16
728.85	748.11
728.88	751.95
728.91	735.95
728.94	748.58
728.96	742.11
728.99	744.16
729.02	744.84
729.05	738.68
729.08	748.16
729.10	746.05
729.13	753.11
729.16	739.95
729.19	733.42
729.21	730.42
729.24	739.58
729.27	740.21
729.30	738.89
729.33	736.95
729.35	744.58
729.38	744.89
729.41	742.21
729.44	737.68
729.47	743.05
729.49	732.42
729.52	742.00
729.55	735.21
729.58	725.63
729.61	723.42
729.63	733.58
729.66	724.89
729.69	725.37
729.72	733.95
729.75	713.42
729.77	724.47
729.80	722.84
729.83	715.21
729.86	718.95
729.88	716.58
729.91	716.16
729.94	720.26
729.97	717.16
730.00	725.05
730.02	715.84
730.05	710.00
730.08	707.58
730.11	713.37
730.14	721.26
730.16	715.32
730.19	714.32
730.22	714.84
730.25	719.95
730.27	715.05
730.30	716.00
730.33	715.00
730.36	728.79
730.39	722.58
730.41	711.47
730.44	725.42
730.47	721.84
730.50	718.84
730.52	713.74
730.55	718.63
730.58	718.79
730.61	716.84
730.64	714.58
730.66	706.05
730.69	713.42
730.72	697.16
730.75	705.79
730.77	710.89
730.80	712.58
730.83	709.63
730.86	691.37
730.89	701.89
730.91	703.53
730.94	700.74
730.97	703.05
731.00	693.63
731.02	709.68
731.05	705.47
731.08	703.47
731.11	698.16
731.14	708.37
731.16	695.95
731.19	697.32
731.22	689.74
731.25	701.37
731.27	706.47
731.30	699.53
731.33	701.42
731.36	697.53
731.39	711.21
731.41	690.11
731.44	703.68
731.47	701.63
731.50	708.05
731.52	705.21
731.55	706.47
731.58	701.32
731.61	708.47
731.63	708.74
731.66	719.74
731.69	705.00
731.72	710.11
731.75	709.11
731.77	706.11
731.80	701.32
731.83	705.84
731.86	709.79
731.88	702.47
731.91	699.95
731.94	699.26
731.97	691.53
731.99	698.63
732.02	693.84
732.05	705.47
732.08	708.21
732.10	700.89
732.13	699.89
732.16	698.00
732.19	690.79
732.22	701.05
732.24	706.32
732.27	706.68
732.30	705.79
732.33	704.79
732.35	703.42
732.38	708.37
732.41	704.63
732.44	714.05
732.46	713.95
732.49	698.84
732.52	704.26
732.55	702.74
732.57	708.74
732.60	702.84
732.63	710.32
732.66	701.05
732.68	706.58
732.71	706.53
732.74	702.05
732.77	699.21
732.79	701.21
732.82	705.37
732.85	706.68
732.88	704.89
732.90	700.37
732.93	710.79
732.96	704.21
732.99	707.16
733.01	717.89
733.04	701.05
733.07	702.05
733.10	701.00
733.13	699.47
733.15	691.53
733.18	693.26
733.21	697.47
733.24	698.79
733.26	706.79
733.29	691.68
733.32	702.79
733.35	709.53
733.37	695.37
733.40	699.26
733.43	703.32
733.46	700.11
733.48	696.89
733.51	694.47
733.54	704.05
733.57	700.16
733.59	688.21
733.62	693.74
733.65	691.42
733.67	689.53
733.70	704.00
733.73	706.21
733.76	689.21
733.78	692.58
733.81	686.32
733.84	692.58
733.87	690.47
733.89	689.16
733.92	698.05
733.95	696.11
733.98	695.79
734.00	691.00
734.03	684.47
734.06	678.37
734.09	679.42
734.11	689.79
734.14	684.95
734.17	681.95
734.20	680.26
734.22	670.00
734.25	689.95
734.28	678.95
734.31	672.32
734.33	673.42
734.36	669.68
734.39	686.47
734.42	675.42
734.44	672.05
734.47	680.26
734.50	679.95
734.52	677.89
734.55	685.47
734.58	676.16
734.61	673.47
734.63	674.79
734.66	692.68
734.69	681.68
734.72	680.37
734.74	670.47
734.77	683.79
734.80	677.00
734.83	673.58
734.85	688.05
734.88	677.53
734.91	678.32
734.93	667.00
734.96	668.79
734.99	668.95
735.02	680.84
735.04	670.68
735.07	674.68
735.10	668.16
735.13	680.63
735.15	673.58
735.18	681.68
735.21	674.53
735.24	675.79
735.26	671.89
735.29	666.47
735.32	675.00
735.34	669.21
735.37	679.05
735.40	681.79
735.43	671.26
735.45	664.79
735.48	672.68
735.51	658.89
735.54	661.32
735.56	663.84
735.59	664.74
735.62	660.58
735.64	660.53
735.67	673.84
735.70	672.68
735.73	659.47
735.75	671.11
735.78	674.21
735.81	663.42
735.84	663.37
735.86	655.42
735.89	662.37
735.92	671.47
735.94	661.05
735.97	664.26
736.00	665.05
736.03	668.58
736.05	662.05
736.08	659.00
736.11	673.21
736.13	665.63
736.16	668.11
736.19	659.16
736.22	664.32
736.24	662.79
736.27	663.32
736.30	672.05
736.32	670.63
736.35	668.58
736.38	664.47
736.41	661.89
736.43	667.84
736.46	667.95
736.49	665.79
736.51	673.37
736.54	666.37
736.57	658.79
736.60	661.42
736.62	662.63
736.65	662.47
736.68	668.37
736.70	659.16
736.73	659.89
736.76	667.95
736.79	669.53
736.81	656.58
736.84	651.11
736.87	654.68
736.89	653.11
736.92	663.26
736.95	653.53
736.98	663.42
737.00	665.58
737.03	653.74
737.06	652.32
737.08	655.37
737.11	656.26
737.14	657.53
737.17	661.68
737.19	666.68
737.22	655.26
737.25	658.79
737.27	654.16
737.30	664.47
737.33	665.37
737.36	662.63
737.38	661.68
737.41	655.47
737.44	649.53
737.46	649.84
737.49	655.84
737.52	657.42
737.54	658.74
737.57	659.37
737.60	649.32
737.63	659.26
737.65	657.11
737.68	654.68
737.71	658.11
737.73	661.89
737.76	646.05
737.79	651.37
737.81	651.05
737.84	651.00
737.87	656.47
737.90	649.95
737.92	651.16
737.95	653.58
737.98	652.79
738.00	648.95
738.03	656.37
738.06	650.68
738.08	653.89
738.11	651.00
738.14	649.11
738.17	655.05
738.19	650.42
738.22	653.11
738.25	653.68
738.27	647.53
738.30	655.32
738.33	653.21
738.35	657.05
738.38	640.89
738.41	642.68
738.43	647.00
738.46	640.47
738.49	649.26
738.52	642.26
738.54	643.16
738.57	654.21
738.60	647.95
738.62	650.05
738.65	639.47
738.68	649.84
738.70	649.42
738.73	649.47
738.76	646.68
738.78	648.16
738.81	649.00
738.84	646.68
738.87	643.89
738.89	646.68
738.92	644.42
738.95	656.89
738.97	660.11
739.00	643.79
739.03	638.79
739.05	639.89
739.08	651.00
739.11	646.26
739.13	650.42
739.16	651.58
739.19	645.58
739.21	647.42
739.24	649.47
739.27	649.42
739.30	652.68
739.32	641.21
739.35	643.47
739.38	644.58
739.40	640.00
739.43	640.89
739.46	646.63
739.48	650.89
739.51	644.21
739.54	649.58
739.56	652.58
739.59	652.84
739.62	648.53
739.64	648.58
739.67	643.84
739.70	654.16
739.72	646.63
739.75	642.63
739.78	641.00
739.80	641.84
739.83	649.63
739.86	644.58
739.89	640.32
739.91	645.74
739.94	641.74
739.97	642.47
739.99	643.16
740.02	645.16
740.05	639.16
740.07	640.58
740.10	636.00
740.13	639.79
740.15	643.63
740.18	643.16
740.21	645.26
740.23	639.95
740.26	645.00
740.29	638.05
740.31	644.37
740.34	642.37
740.37	639.95
740.39	659.26
740.42	641.53
740.45	637.63
740.47	640.05
740.50	637.79
740.53	642.21
740.55	639.26
740.58	642.95
740.61	636.11
740.63	639.32
740.66	636.47
740.69	634.47
740.71	649.05
740.74	636.63
740.77	643.32
740.79	655.47
740.82	694.74
740.85	662.26
740.87	634.84
740.90	637.89
740.93	643.16
740.95	641.84
740.98	636.42
741.01	636.47
741.03	641.63
741.06	649.26
741.09	643.89
741.11	638.42
741.14	639.74
741.17	641.21
741.19	632.53
741.22	646.47
741.25	641.21
741.27	642.68
741.30	653.47
741.33	637.00
741.35	635.26
741.38	644.89
741.41	640.11
741.43	636.21
741.46	633.26
741.49	641.79
741.51	630.05
741.54	633.42
741.57	640.53
741.59	635.89
741.62	642.63
741.65	634.00
741.67	646.84
741.70	638.37
741.73	638.74
741.75	634.53
741.78	629.21
741.81	638.53
741.83	633.00
741.86	637.53
741.88	635.42
741.91	636.42
741.94	634.37
741.96	631.47
741.99	637.89
742.02	634.32
742.04	633.68
742.07	630.42
742.10	640.74
742.12	649.26
742.15	637.05
742.18	639.32
742.20	636.11
742.23	635.89
742.26	645.37
742.28	629.84
742.31	640.47
742.34	642.37
742.36	638.00
742.39	635.89
742.42	653.21
742.44	643.42
742.47	644.53
742.49	628.42
742.52	643.00
742.55	644.37
742.57	650.79
742.60	635.89
742.63	641.47
742.65	642.84
742.68	640.68
742.71	630.32
742.73	636.84
742.76	650.47
742.79	638.21
742.81	630.63
742.84	639.11
742.87	636.58
742.89	630.11
742.92	635.58
742.94	633.26
742.97	629.05
743.00	638.37
743.02	637.16
743.05	637.00
743.08	634.05
743.10	640.00
743.13	641.21
743.16	638.68
743.18	631.16
743.21	631.58
743.23	637.53
743.26	631.53
743.29	635.95
743.31	641.68
743.34	641.58
743.37	633.53
743.39	637.37
743.42	633.58
743.45	639.63
743.47	634.26
743.50	639.16
743.52	638.74
743.55	648.89
743.58	638.37
743.60	639.63
743.63	644.63
743.66	638.74
743.68	639.58
743.71	638.89
743.74	640.37
743.76	640.16
743.79	650.58
743.81	640.47
743.84	653.21
743.87	636.63
743.89	638.05
743.92	631.58
743.95	633.47
743.97	638.16
744.00	631.16
744.03	630.21
744.05	634.74
744.08	638.11
744.10	637.53
744.13	643.37
744.16	634.84
744.18	627.37
744.21	641.58
744.24	632.84
744.26	627.68
744.29	645.84
744.31	631.26
744.34	637.95
744.37	641.42
744.39	637.58
744.42	625.37
744.45	626.00
744.47	631.84
744.50	628.16
744.52	631.47
744.55	637.42
744.58	630.84
744.60	624.16
744.63	639.05
744.66	632.05
744.68	642.58
744.71	641.05
744.73	633.16
744.76	633.32
744.79	624.11
744.81	627.00
744.84	623.74
744.87	625.11
744.89	633.00
744.92	633.00
744.94	622.26
744.97	636.42
745.00	630.95
745.02	625.95
745.05	630.05
745.07	640.00
745.10	635.68
745.13	630.16
745.15	628.11
745.18	634.47
745.21	632.79
745.23	628.26
745.26	629.37
745.28	629.53
745.31	633.05
745.34	628.68
745.36	629.16
745.39	631.32
745.41	642.00
745.44	629.63
745.47	625.74
745.49	640.26
745.52	633.89
745.55	634.26
745.57	622.58
745.60	635.63
745.62	629.89
745.65	627.95
745.68	625.95
745.70	621.74
745.73	621.58
745.75	622.00
745.78	632.26
745.81	617.53
745.83	637.74
745.86	628.26
745.88	628.79
745.91	626.58
745.94	626.47
745.96	633.42
745.99	629.11
746.02	630.16
746.04	635.84
746.07	638.37
746.09	625.21
746.12	627.79
746.15	630.89
746.17	623.68
746.20	629.00
746.22	634.37
746.25	641.11
746.28	628.32
746.30	639.05
746.33	637.68
746.35	622.26
746.38	623.42
746.41	632.95
746.43	628.63
746.46	625.53
746.48	622.21
746.51	638.11
746.54	629.58
746.56	625.37
746.59	637.42
746.61	632.26
746.64	617.95
746.67	625.16
746.69	623.89
746.72	630.95
746.74	631.47
746.77	627.00
746.80	628.32
746.82	628.37
746.85	628.16
746.87	626.63
746.90	624.74
746.93	624.21
746.95	626.95
746.98	628.53
747.00	635.95
747.03	620.05
747.06	624.58
747.08	624.74
747.11	621.79
747.13	622.68
747.16	632.05
747.19	623.84
747.21	639.42
747.24	632.84
747.26	631.58
747.29	633.05
747.31	646.26
747.34	633.84
747.37	619.11
747.39	632.42
747.42	622.68
747.44	625.63
747.47	632.68
747.50	620.95
747.52	628.58
747.55	628.74
747.57	634.16
747.60	631.53
747.63	625.42
747.65	625.16
747.68	626.84
747.70	622.42
747.73	623.00
747.76	630.53
747.78	628.11
747.81	628.58
747.83	618.68
747.86	626.95
747.88	629.79
747.91	634.53
747.94	630.42
747.96	631.37
747.99	626.16
748.01	623.21
748.04	635.47
748.07	635.32
748.09	625.74
748.12	628.74
748.14	624.95
748.17	627.68
748.19	631.37
748.22	629.37
748.25	628.00
748.27	625.32
748.30	626.32
748.32	624.16
748.35	617.53
748.37	625.05
748.40	625.11
748.43	618.89
748.45	626.53
748.48	624.53
748.50	634.58
748.53	635.05
748.56	627.00
748.58	624.74
748.61	624.21
748.63	624.63
748.66	613.00
748.68	624.79
748.71	621.84
748.74	639.42
748.76	621.21
748.79	627.21
748.81	624.26
748.84	624.74
748.86	619.21
748.89	620.74
748.92	623.05
748.94	629.05
748.97	611.95
748.99	620.11
749.02	623.37
749.04	618.00
749.07	618.42
749.10	628.79
749.12	616.47
749.15	625.58
749.17	617.21
749.20	627.89
749.22	613.47
749.25	627.89
749.28	620.74
749.30	624.42
749.33	622.21
749.35	624.21
749.38	630.26
749.40	635.74
749.43	616.95
749.46	625.74
749.48	622.63
749.51	623.95
749.53	621.89
749.56	627.42
749.58	619.84
749.61	616.32
749.63	617.84
749.66	625.58
749.69	619.21
749.71	623.84
749.74	623.32
749.76	625.42
749.79	626.42
749.81	625.21
749.84	624.58
749.87	632.53
749.89	620.47
749.92	621.32
749.94	625.84
749.97	627.89
749.99	622.47
750.02	629.21
750.04	624.63
750.07	624.74
750.10	619.74
750.12	623.95
750.15	616.89
750.17	619.21
750.20	614.42
750.22	616.42
750.25	623.95
750.27	621.05
750.30	624.53
750.33	628.47
750.35	619.95
750.38	628.11
750.40	626.11
750.43	619.21
750.45	613.26
750.48	619.47
750.50	619.42
750.53	620.79
750.56	617.63
750.58	613.37
750.61	622.32
750.63	623.84
750.66	615.63
750.68	615.84
750.71	617.68
750.73	620.95
750.76	621.05
750.79	621.42
750.81	618.89
750.84	624.00
750.86	627.47
750.89	618.21
750.91	619.68
750.94	622.79
750.96	618.63
750.99	622.63
751.01	624.11
751.04	620.11
751.07	627.00
751.09	621.32
751.12	620.47
751.14	616.05
751.17	615.89
751.19	622.05
751.22	613.68
751.24	618.74
751.27	620.26
751.29	613.00
751.32	612.42
751.35	615.47
751.37	615.74
751.40	621.79
751.42	617.89
751.45	622.05
751.47	616.79
751.50	609.53
751.52	610.37
751.55	627.63
751.57	618.53
751.60	621.63
751.63	610.53
751.65	615.05
751.68	617.37
751.70	616.32
751.73	615.84
751.75	614.53
751.78	613.79
751.80	611.89
751.83	618.42
751.85	621.05
751.88	608.95
751.90	623.42
751.93	613.84
751.96	615.95
751.98	620.26
752.01	609.79
752.03	620.11
752.06	622.79
752.08	617.89
752.11	616.58
752.13	611.84
752.16	608.21
752.18	614.58
752.21	613.26
752.23	612.95
752.26	618.68
752.28	610.63
752.31	614.89
752.34	612.00
752.36	608.84
752.39	610.00
752.41	627.00
752.44	623.16
752.46	622.05
752.49	612.47
752.51	612.68
752.54	622.53
752.56	622.32
752.59	612.47
752.61	626.32
752.64	615.58
752.66	620.26
752.69	615.79
752.71	620.42
752.74	624.47
752.77	609.37
752.79	621.11
752.82	614.58
752.84	617.95
752.87	625.16
752.89	620.89
752.92	615.74
752.94	610.53
752.97	621.79
752.99	623.79
753.02	614.84
753.04	609.11
753.07	624.53
753.09	617.37
753.12	616.79
753.14	614.21
753.17	622.37
753.19	624.95
753.22	615.63
753.24	615.16
753.27	615.58
753.29	619.16
753.32	616.68
753.35	623.32
753.37	618.32
753.40	613.89
753.42	609.37
753.45	618.63
753.47	620.32
753.50	616.16
753.52	611.32
753.55	617.37
753.57	620.26
753.60	611.21
753.62	617.16
753.65	616.21
753.67	621.63
753.70	608.84
753.72	610.74
753.75	605.89
753.77	615.74
753.80	621.63
753.82	625.00
753.85	621.11
753.87	626.84
753.90	615.00
753.92	614.21
753.95	607.16
753.97	617.89
754.00	604.68
754.02	611.63
754.05	610.42
754.07	614.42
754.10	618.26
754.12	612.89
754.15	612.79
754.17	619.58
754.20	622.89
754.22	618.11
754.25	616.79
754.28	614.89
754.30	607.63
754.33	617.26
754.35	620.26
754.38	619.42
754.40	625.11
754.43	623.21
754.45	627.74
754.48	614.95
754.50	608.05
754.53	610.21
754.55	613.11
754.58	613.21
754.60	608.42
754.63	613.16
754.65	615.89
754.68	618.26
754.70	613.89
754.73	610.37
754.75	614.79
754.78	613.42
754.80	616.89
754.83	614.42
754.85	617.58
754.88	609.00
754.90	625.63
754.93	613.79
754.95	612.00
754.98	614.32
755.00	615.63
755.03	608.05
755.05	618.16
755.08	617.63
755.10	614.58
755.13	610.26
755.15	608.32
755.18	615.21
755.20	610.84
755.23	620.63
755.25	611.84
755.28	603.58
755.30	607.53
755.33	614.05
755.35	613.89
755.38	608.47
755.40	621.32
755.43	623.16
755.45	613.84
755.47	612.37
755.50	607.74
755.52	613.89
755.55	603.53
755.57	619.68
755.60	615.26
755.62	603.89
755.65	614.05
755.67	615.95
755.70	611.84
755.72	621.21
755.75	610.68
755.77	608.32
755.80	604.68
755.82	609.37
755.85	615.05
755.87	617.37
755.90	614.26
755.92	610.26
755.95	614.95
755.97	616.00
756.00	612.63
756.02	610.16
756.05	608.05
756.07	616.37
756.10	609.42
756.12	610.21
756.15	607.95
756.17	608.11
756.20	612.00
756.22	607.68
756.25	611.11
756.27	607.32
756.30	604.58
756.32	603.63
756.35	617.00
756.37	626.58
756.39	621.37
756.42	611.05
756.44	610.26
756.47	611.47
756.49	606.00
756.52	607.37
756.54	616.68
756.57	615.37
756.59	615.11
756.62	610.74
756.64	609.68
756.67	621.32
756.69	614.63
756.72	617.32
756.74	615.26
756.77	610.47
756.79	614.11
756.82	604.95
756.84	610.00
756.87	605.11
756.89	611.47
756.92	612.95
756.94	605.37
756.96	607.68
756.99	605.74
757.01	606.63
757.04	604.00
757.06	619.63
757.09	606.79
757.11	618.79
757.14	613.63
757.16	613.00
757.19	612.26
757.21	617.21
757.24	610.11
757.26	612.42
757.29	608.11
757.31	610.79
757.34	608.26
757.36	606.21
757.38	620.63
757.41	619.05
757.43	613.63
757.46	620.42
757.48	613.05
757.51	606.84
757.53	621.74
757.56	614.79
757.58	606.32
757.61	606.63
757.63	615.37
757.66	604.42
757.68	604.21
757.71	603.47
757.73	608.47
757.75	608.53
757.78	600.74
757.80	612.21
757.83	614.16
757.85	614.32
757.88	610.21
757.90	625.53
757.93	608.42
757.95	610.32
757.98	616.89
758.00	611.58
758.03	612.79
758.05	617.68
758.07	607.47
758.10	617.84
758.12	606.32
758.15	611.05
758.17	618.37
758.20	608.47
758.22	608.47
758.25	608.21
758.27	605.68
758.30	616.95
758.32	602.42
758.34	601.53
758.37	612.21
758.39	607.42
758.42	606.32
758.44	608.00
758.47	605.32
758.49	597.95
758.52	599.89
758.54	601.37
758.57	604.32
758.59	606.74
758.61	607.11
758.64	609.16
758.66	612.37
758.69	615.05
758.71	612.89
758.74	609.79
758.76	604.84
758.79	603.16
758.81	608.26
758.84	616.63
758.86	618.21
758.88	605.05
758.91	614.00
758.93	607.21
758.96	611.42
758.98	607.32
759.01	609.68
759.03	605.11
759.06	609.53
759.08	605.95
759.10	608.42
759.13	618.95
759.15	608.84
759.18	609.26
759.20	608.05
759.23	614.42
759.25	611.63
759.28	606.42
759.30	605.95
759.32	607.79
759.35	604.53
759.37	609.32
759.40	616.63
759.42	609.32
759.45	610.00
759.47	599.11
759.50	608.47
759.52	608.63
759.54	612.63
759.57	609.95
759.59	611.89
759.62	609.32
759.64	608.11
759.67	608.11
759.69	604.37
759.72	608.47
759.74	603.84
759.76	608.79
759.79	616.05
759.81	616.42
759.84	610.74
759.86	618.37
759.89	609.47
759.91	613.68
759.93	616.68
759.96	604.21
759.98	607.89
760.01	609.89
760.03	609.00
760.06	605.63
760.08	599.68
760.10	607.26
760.13	609.84
760.15	606.26
760.18	607.37
760.20	603.58
760.23	598.21
760.25	606.95
760.28	607.21
760.30	606.11
760.32	600.53
760.35	612.00
760.37	609.74
760.40	621.11
760.42	605.00
760.45	607.53
760.47	605.95
760.49	604.16
760.52	610.42
760.54	610.79
760.57	598.89
760.59	607.42
760.62	608.37
760.64	604.47
760.66	603.53
760.69	613.74
760.71	607.95
760.74	617.37
760.76	599.00
760.78	606.74
760.81	605.16
760.83	610.37
760.86	605.16
760.88	599.16
760.91	603.58
760.93	609.42
760.95	609.26
760.98	606.00
761.00	606.95
761.03	616.89
761.05	607.63
761.08	605.05
761.10	600.26
761.12	606.32
761.15	604.16
761.17	610.68
761.20	608.84
761.22	603.74
761.24	604.47
761.27	617.32
761.29	607.95
761.32	600.74
761.34	600.84
761.37	610.63
761.39	612.26
761.41	617.21
761.44	604.95
761.46	606.89
761.49	598.16
761.51	602.42
761.53	603.00
761.56	600.32
761.58	608.84
761.61	600.95
761.63	600.74
761.66	617.74
761.68	600.58
761.70	602.16
761.73	602.16
761.75	603.16
761.78	603.53
761.80	608.63
761.82	605.05
761.85	608.37
761.87	605.11
761.90	603.63
761.92	602.89
761.94	609.53
761.97	609.84
761.99	604.79
762.02	592.68
762.04	601.16
762.07	602.16
762.09	606.16
762.11	607.63
762.14	601.74
762.16	600.26
762.19	612.53
762.21	606.95
762.23	604.11
762.26	605.16
762.28	603.84
762.31	608.05
762.33	607.74
762.35	609.00
762.38	611.37
762.40	607.74
762.43	604.79
762.45	605.74
762.47	605.00
762.50	598.74
762.52	601.21
762.55	600.21
762.57	602.42
762.59	608.89
762.62	608.05
762.64	605.58
762.67	600.68
762.69	600.16
762.71	611.84
762.74	609.74
762.76	603.42
762.79	604.00
762.81	601.95
762.83	602.79
762.86	598.79
762.88	609.84
762.91	609.95
762.93	613.32
762.95	598.63
762.98	605.68
763.00	605.00
763.03	601.63
763.05	609.63
763.07	608.89
763.10	603.53
763.12	613.74
763.15	599.16
763.17	604.47
763.19	603.11
763.22	598.68
763.24	597.16
763.27	613.05
763.29	601.84
763.31	608.37
763.34	607.89
763.36	601.16
763.38	603.21
763.41	601.89
763.43	602.68
763.46	609.37
763.48	606.42
763.50	604.79
763.53	604.32
763.55	608.63
763.58	608.95
763.60	605.68
763.62	603.42
763.65	603.00
763.67	608.84
763.69	614.63
763.72	610.74
763.74	598.53
763.77	599.26
763.79	593.89
763.81	602.47
763.84	607.68
763.86	609.11
763.89	608.42
763.91	607.05
763.93	597.58
763.96	607.42
763.98	603.05
764.00	599.47
764.03	601.26
764.05	608.16
764.08	608.26
764.10	604.84
764.12	597.68
764.15	594.11
764.17	598.47
764.20	608.26
764.22	594.89
764.24	605.95
764.27	595.16
764.29	595.74
764.31	603.21
764.34	611.74
764.36	600.63
764.39	607.05
764.41	608.68
764.43	614.58
764.46	608.05
764.48	608.68
764.50	608.05
764.53	615.21
764.55	604.37
764.58	596.63
764.60	607.42
764.62	614.37
764.65	607.63
764.67	611.32
764.69	601.95
764.72	612.53
764.74	605.37
764.77	603.21
764.79	613.74
764.81	608.74
764.84	602.32
764.86	610.21
764.88	608.21
764.91	613.42
764.93	604.47
764.96	603.16
764.98	600.32
765.00	607.11
765.03	602.63
765.05	608.05
765.07	605.63
765.10	600.26
765.12	606.42
765.14	596.26
765.17	609.95
765.19	601.16
765.22	613.37
765.24	598.53
765.26	601.32
765.29	604.26
765.31	601.89
765.33	599.84
765.36	597.63
765.38	603.21
765.40	598.42
765.43	611.11
765.45	601.05
765.48	604.47
765.50	600.32
765.52	602.68
765.55	605.47
765.57	605.89
765.59	601.21
765.62	600.32
765.64	595.84
765.66	593.42
765.69	597.89
765.71	599.05
765.74	613.53
765.76	598.00
765.78	605.37
765.81	597.42
765.83	602.79
765.85	599.16
765.88	602.84
765.90	600.26
765.92	604.68
765.95	610.47
765.97	603.21
765.99	597.79
766.02	597.79
766.04	600.21
766.06	603.21
766.09	602.32
766.11	607.74
766.14	609.53
766.16	600.26
766.18	615.74
766.21	606.47
766.23	606.21
766.25	606.16
766.28	598.32
766.30	599.32
766.32	614.84
766.35	609.37
766.37	604.89
766.39	607.05
766.42	603.95
766.44	605.58
766.46	611.37
766.49	596.68
766.51	605.42
766.54	605.00
766.56	599.47
766.58	605.00
766.61	602.05
766.63	605.26
766.65	599.53
766.68	604.47
766.70	604.32
766.72	608.84
766.75	605.21
766.77	603.84
766.79	600.89
766.82	600.68
766.84	603.32
766.86	598.05
766.89	602.26
766.91	599.95
766.93	608.42
766.96	599.53
766.98	602.37
767.00	602.42
767.03	598.11
767.05	601.53
767.07	594.47
767.10	614.68
767.12	601.53
767.14	603.00
767.17	601.00
767.19	607.53
767.21	611.53
767.24	606.79
767.26	599.58
767.28	598.68
767.31	596.26
767.33	600.21
767.35	597.37
767.38	608.95
767.40	600.95
767.42	603.05
767.45	605.47
767.47	603.47
767.49	598.74
767.52	593.89
767.54	598.89
767.56	614.32
767.59	605.58
767.61	597.84
767.63	605.63
767.66	597.68
767.68	606.63
767.70	601.74
767.73	601.37
767.75	600.11
767.77	606.47
767.80	595.58
767.82	599.79
767.84	598.58
767.87	599.21
767.89	616.53
767.91	606.79
767.94	598.37
767.96	597.11
767.98	609.53
768.01	601.21
768.03	595.42
768.05	604.95
768.08	600.11
768.10	602.26
768.12	607.84
768.15	600.68
768.17	597.21
768.19	597.79
768.22	608.16
768.24	598.95
768.26	601.53
768.29	605.47
768.31	600.32
768.33	599.42
768.36	602.79
768.38	603.42
768.40	602.68
768.43	603.47
768.45	605.89
768.47	610.74
768.50	609.79
768.52	599.63
768.54	601.68
768.57	603.84
768.59	608.00
768.61	608.16
768.63	597.26
768.66	599.79
768.68	602.42
768.70	595.63
768.73	623.58
768.75	606.84
768.77	599.05
768.80	593.58
768.82	594.05
768.84	600.63
768.87	594.68
768.89	593.42
768.91	598.84
768.94	588.11
768.96	604.58
768.98	598.16
769.01	599.26
769.03	605.16
769.05	605.84
769.07	609.68
769.10	594.37
769.12	599.84
769.14	598.21
769.17	595.21
769.19	607.42
769.21	613.00
769.24	596.79
769.26	600.00
769.28	600.63
769.31	602.37
769.33	597.42
769.35	606.37
769.38	598.95
769.40	611.53
769.42	599.05
769.44	607.89
769.47	598.74
769.49	596.58
769.51	600.68
769.54	597.47
769.56	594.79
769.58	603.32
769.61	601.21
769.63	598.53
769.65	600.47
769.67	597.53
769.70	601.95
769.72	607.21
769.74	593.79
769.77	603.95
769.79	604.95
769.81	601.42
769.84	609.79
769.86	606.05
769.88	608.89
769.91	598.53
769.93	595.84
769.95	602.58
769.97	596.68
770.00	596.05
770.02	603.63
770.04	601.58
770.07	601.11
770.09	598.37
770.11	606.05
770.14	603.05
770.16	599.21
770.18	590.42
770.20	607.16
770.23	605.16
770.25	600.21
770.27	594.68
770.30	592.84
770.32	604.53
770.34	601.84
770.36	596.37
770.39	601.95
770.41	601.26
770.43	610.00
770.46	598.79
770.48	598.32
770.50	595.37
770.53	598.11
770.55	595.16
770.57	604.05
770.59	599.68
770.62	602.68
770.64	598.00
770.66	598.53
770.69	599.53
770.71	597.74
770.73	598.79
770.75	598.58
770.78	598.53
770.80	594.58
770.82	611.11
770.85	601.95
770.87	604.16
770.89	601.53
770.91	596.16
770.94	611.74
770.96	602.16
770.98	601.89
771.01	610.05
771.03	597.00
771.05	601.21
771.07	595.05
771.10	595.95
771.12	596.42
771.14	602.95
771.17	600.42
771.19	604.89
771.21	604.26
771.23	602.00
771.26	596.16
771.28	605.37
771.30	594.37
771.33	596.79
771.35	603.26
771.37	604.05
771.39	604.00
771.42	599.47
771.44	599.05
771.46	597.89
771.49	599.11
771.51	604.53
771.53	601.32
771.55	592.74
771.58	594.68
771.60	598.68
771.62	607.74
771.64	592.95
771.67	604.63
771.69	599.21
771.71	603.26
771.74	603.37
771.76	594.89
771.78	600.16
771.80	598.00
771.83	593.47
771.85	596.16
771.87	605.00
771.89	606.21
771.92	606.53
771.94	596.79
771.96	598.05
771.99	610.58
772.01	607.00
772.03	593.63
772.05	596.00
772.08	598.89
772.10	598.53
772.12	588.79
772.14	598.84
772.17	595.68
772.19	594.58
772.21	598.42
772.24	599.84
772.26	597.32
772.28	606.79
772.30	602.00
772.33	599.58
772.35	601.89
772.37	600.05
772.39	605.47
772.42	603.21
772.44	597.53
772.46	590.89
772.48	600.53
772.51	612.37
772.53	603.11
772.55	600.68
772.58	600.26
772.60	609.05
772.62	601.79
772.64	600.58
772.67	605.42
772.69	599.00
772.71	603.42
772.73	602.37
772.76	595.63
772.78	601.16
772.80	602.21
772.82	603.26
772.85	599.32
772.87	598.42
772.89	597.16
772.91	596.84
772.94	607.00
772.96	603.63
772.98	607.05
773.00	604.68
773.03	615.05
773.05	592.79
773.07	601.47
773.09	602.11
773.12	593.37
773.14	602.47
773.16	597.63
773.18	599.68
773.21	595.79
773.23	610.26
773.25	605.05
773.28	593.53
773.30	601.11
773.32	613.11
773.34	602.05
773.37	596.42
773.39	594.79
773.41	598.05
773.43	596.42
773.46	596.68
773.48	599.84
773.50	595.32
773.52	600.79
773.55	604.58
773.57	594.95
773.59	600.42
773.61	596.26
773.64	598.16
773.66	598.00
773.68	599.32
773.70	595.37
773.72	597.47
773.75	594.21
773.77	594.37
773.79	598.00
773.81	605.00
773.84	592.95
773.86	599.26
773.88	597.21
773.90	601.84
773.93	598.89
773.95	606.68
773.97	603.26
773.99	589.37
774.02	596.58
774.04	605.79
774.06	607.05
774.08	596.05
774.11	602.74
774.13	599.74
774.15	593.32
774.17	595.05
774.20	610.05
774.22	601.21
774.24	600.53
774.26	591.11
774.29	601.21
774.31	605.68
774.33	602.79
774.35	613.11
774.38	589.26
774.40	596.21
774.42	592.95
774.44	600.32
774.46	608.58
774.49	604.42
774.51	595.26
774.53	595.74
774.55	604.84
774.58	604.05
774.60	594.84
774.62	601.84
774.64	606.89
774.67	603.32
774.69	602.74
774.71	597.95
774.73	599.95
774.75	593.68
774.78	603.00
774.80	606.05
774.82	605.53
774.84	599.26
774.87	587.37
774.89	601.00
774.91	595.32
774.93	596.79
774.96	600.95
774.98	596.79
775.00	602.11
775.02	604.26
775.04	600.47
775.07	608.00
775.09	592.89
775.11	600.53
775.13	600.37
775.16	599.47
775.18	595.89
775.20	611.84
775.22	604.68
775.24	592.68
775.27	599.58
775.29	606.16
775.31	608.32
775.33	594.79
775.36	602.21
775.38	600.00
775.40	591.21
775.42	601.21
775.44	598.53
775.47	594.79
775.49	592.16
775.51	604.26
775.53	599.16
775.56	600.05
775.58	591.05
775.60	598.63
775.62	595.95
775.64	599.95
775.67	605.21
775.69	594.58
775.71	596.95
775.73	592.68
775.76	597.47
775.78	600.16
775.80	597.47
775.82	597.74
775.84	600.32
775.87	609.16
775.89	596.00
775.91	593.58
775.93	607.58
775.96	605.05
775.98	601.42
776.00	604.95
776.02	606.05
776.04	606.11
776.07	595.74
776.09	592.89
776.11	598.95
776.13	593.58
776.15	596.11
776.18	597.32
776.20	609.26
776.22	604.74
776.24	597.26
776.26	591.21
776.29	589.74
776.31	599.00
776.33	601.32
776.35	594.42
776.38	593.89
776.40	592.05
776.42	598.42
776.44	597.11
776.46	597.05
776.49	601.79
776.51	598.63
776.53	590.05
776.55	607.68
776.57	603.63
776.60	601.42
776.62	602.26
776.64	596.74
776.66	620.16
776.68	602.00
776.71	606.63
776.73	595.11
776.75	596.63
776.77	591.16
776.79	589.63
776.82	587.42
776.84	598.26
776.86	597.32
776.88	594.58
776.90	588.68
776.93	592.42
776.95	591.79
776.97	595.42
776.99	599.37
777.01	603.47
777.04	601.00
777.06	596.89
777.08	603.63
777.10	596.53
777.12	600.26
777.15	606.84
777.17	600.05
777.19	591.95
777.21	589.89
777.23	599.47
777.26	601.63
777.28	605.26
777.30	598.37
777.32	592.00
777.34	607.68
777.37	592.42
777.39	600.32
777.41	601.16
777.43	593.05
777.45	593.26
777.47	596.47
777.50	591.32
777.52	599.53
777.54	606.42
777.56	600.95
777.58	602.79
777.61	601.58
777.63	601.32
777.65	602.63
777.67	606.89
777.69	597.74
777.72	593.16
777.74	602.42
777.76	602.47
777.78	594.47
777.80	602.68
777.82	604.00
777.85	602.05
777.87	598.68
777.89	590.47
777.91	597.37
777.93	596.63
777.96	595.00
777.98	598.58
778.00	591.26
778.02	593.42
778.04	596.26
778.07	596.68
778.09	605.05
778.11	606.68
778.13	594.89
778.15	600.32
778.17	600.00
778.20	601.84
778.22	594.84
778.24	599.11
778.26	591.21
778.28	602.79
778.30	594.16
778.33	583.42
778.35	585.58
778.37	585.42
778.39	593.00
778.41	595.32
778.44	594.79
778.46	594.74
778.48	595.05
778.50	604.53
778.52	598.42
778.54	592.37
778.57	592.00
778.59	590.89
778.61	605.21
778.63	593.68
778.65	600.84
778.67	592.63
778.70	584.47
778.72	595.63
778.74	594.42
778.76	598.37
778.78	601.68
778.81	597.53
778.83	601.26
778.85	596.47
778.87	589.68
778.89	593.42
778.91	595.79
778.94	585.74
778.96	595.16
778.98	595.16
779.00	589.84
779.02	604.16
779.04	594.79
779.07	595.58
779.09	595.26
779.11	596.68
779.13	595.05
779.15	595.21
779.17	594.89
779.20	591.05
779.22	590.63
779.24	590.68
779.26	597.79
779.28	588.74
779.30	596.74
779.33	589.74
779.35	587.58
779.37	594.32
779.39	596.42
779.41	594.89
779.43	588.53
779.45	585.53
779.48	593.32
